//The characters are placed columnwise
    -1    -1     1    -1    -1     1     1    -1
    -1    -1     1    -1     1     1     1    -1
    -1    -1     1     1     1     1     1    -1
    -1     1     1     1    -1     1     1    -1
    -1     1     1     1    -1     1     1     1
    -1     1     1     1    -1     1    -1     1
    -1     1     1     1    -1    -1    -1     1
    -1    -1     1     1     1    -1    -1     1
    -1    -1    -1    -1     1    -1    -1     1
    -1    -1    -1    -1    -1    -1    -1     1
    -1    -1     1    -1    -1     1     1    -1
    -1    -1     1    -1     1     1     1    -1
    -1    -1     1     1     1     1     1    -1
     1     1     1     1    -1     1     1    -1
     1     1     1     1    -1     1     1     1
     1     1     1     1    -1     1    -1     1
     1     1     1     1    -1    -1    -1     1
    -1    -1     1     1     1    -1    -1     1
    -1    -1    -1     1     1    -1    -1     1
    -1    -1    -1    -1    -1    -1    -1     1
    -1    -1    -1    -1    -1     1     1    -1
    -1    -1    -1    -1     1     1     1    -1
     1    -1    -1    -1     1    -1     1    -1
     1     1    -1    -1    -1    -1     1    -1
     1     1    -1    -1    -1    -1     1     1
     1     1    -1    -1    -1    -1    -1     1
     1     1     1    -1    -1    -1    -1    -1
     1    -1     1     1     1    -1    -1    -1
    -1    -1    -1     1     1    -1    -1     1
    -1    -1    -1    -1    -1    -1    -1     1
    -1    -1    -1    -1    -1     1     1    -1
     1    -1    -1    -1     1     1     1    -1
     1    -1    -1    -1     1    -1     1    -1
     1     1    -1    -1    -1    -1     1    -1
    -1     1    -1    -1    -1    -1     1     1
    -1     1    -1    -1    -1    -1    -1     1
     1     1     1    -1    -1    -1    -1    -1
     1    -1     1     1     1    -1    -1    -1
     1    -1    -1     1     1    -1    -1     1
    -1    -1    -1    -1    -1    -1    -1     1
    -1    -1    -1    -1    -1     1     1    -1
     1    -1    -1    -1     1     1     1    -1
     1    -1    -1    -1     1    -1     1    -1
     1     1    -1    -1    -1    -1     1    -1
    -1     1    -1    -1    -1    -1     1     1
    -1     1    -1    -1    -1    -1    -1     1
     1     1     1    -1    -1    -1    -1    -1
     1    -1     1     1     1    -1    -1    -1
     1    -1    -1     1     1    -1    -1     1
    -1    -1    -1    -1    -1    -1    -1     1
    -1    -1     1    -1    -1     1     1    -1
     1    -1     1    -1     1     1     1    -1
     1    -1     1    -1     1     1     1    -1
     1     1     1    -1     1     1     1    -1
    -1     1     1     1     1     1     1     1
    -1     1     1     1     1     1    -1     1
     1     1     1     1     1    -1    -1     1
     1    -1     1     1     1    -1    -1     1
     1    -1    -1    -1     1    -1    -1     1
    -1    -1    -1    -1    -1    -1    -1     1
    -1    -1     1    -1    -1     1    -1    -1
     1    -1     1    -1     1     1    -1    -1
     1    -1     1    -1     1     1    -1    -1
     1     1     1    -1     1     1    -1    -1
    -1     1     1     1     1     1    -1     1
    -1     1     1     1     1     1    -1     1
     1     1     1     1     1    -1    -1     1
     1    -1     1     1     1    -1    -1     1
     1    -1    -1    -1     1    -1    -1     1
    -1    -1    -1    -1    -1    -1    -1     1
    -1    -1     1    -1    -1     1    -1    -1
     1    -1     1    -1    -1     1    -1    -1
     1    -1    -1    -1    -1    -1    -1    -1
     1     1    -1    -1    -1    -1    -1    -1
    -1     1    -1    -1    -1     1    -1    -1
    -1     1    -1    -1    -1     1    -1    -1
     1     1    -1    -1    -1    -1    -1    -1
     1    -1    -1     1     1    -1    -1    -1
     1    -1    -1     1     1    -1    -1     1
    -1    -1    -1    -1    -1    -1    -1     1
    -1    -1     1    -1    -1     1    -1    -1
     1    -1     1    -1    -1     1    -1    -1
     1    -1    -1    -1    -1    -1    -1    -1
     1     1    -1    -1    -1    -1    -1    -1
    -1     1    -1    -1    -1     1    -1    -1
    -1     1    -1    -1    -1     1    -1    -1
     1     1    -1    -1    -1    -1    -1    -1
     1    -1    -1     1     1    -1    -1    -1
     1    -1    -1     1     1    -1    -1     1
    -1    -1    -1    -1    -1    -1    -1     1
    -1    -1     1    -1    -1     1    -1    -1
    -1    -1     1    -1    -1     1    -1    -1
     1    -1    -1    -1    -1    -1    -1    -1
     1     1    -1    -1    -1    -1    -1    -1
     1     1    -1    -1    -1     1    -1    -1
     1     1    -1    -1    -1     1    -1    -1
     1     1    -1    -1    -1    -1    -1    -1
     1    -1    -1     1     1    -1    -1    -1
    -1    -1    -1     1     1    -1    -1     1
    -1    -1    -1    -1    -1    -1    -1     1
    -1    -1     1    -1    -1     1    -1    -1
    -1    -1     1    -1    -1     1    -1    -1
    -1    -1     1     1    -1     1    -1    -1
     1     1     1     1    -1     1    -1    -1
     1     1     1     1    -1     1    -1     1
     1     1     1     1    -1     1    -1     1
     1     1     1     1    -1    -1    -1     1
    -1    -1     1     1     1    -1    -1     1
    -1    -1    -1     1     1    -1    -1     1
    -1    -1    -1    -1    -1    -1    -1     1
    -1    -1     1    -1    -1     1    -1    -1
    -1    -1     1    -1    -1     1    -1    -1
    -1    -1     1     1    -1     1    -1    -1
    -1     1     1     1    -1     1    -1    -1
    -1     1     1     1    -1     1    -1     1
    -1     1     1     1    -1     1    -1     1
    -1     1     1     1    -1    -1    -1     1
    -1    -1     1     1     1    -1    -1     1
    -1    -1    -1    -1     1    -1    -1     1
    -1    -1    -1    -1    -1    -1    -1     1
